Predicted NACA
   1.00009   0.00126
   0.99846   0.00160
   0.99678   0.00195
   0.99506   0.00231
   0.99328   0.00268
   0.99145   0.00306
   0.98957   0.00345
   0.98763   0.00385
   0.98563   0.00426
   0.98357   0.00468
   0.98145   0.00512
   0.97927   0.00556
   0.97703   0.00602
   0.97472   0.00648
   0.97234   0.00697
   0.96989   0.00746
   0.96736   0.00797
   0.96476   0.00848
   0.96209   0.00902
   0.95933   0.00956
   0.95650   0.01012
   0.95357   0.01070
   0.95057   0.01129
   0.94747   0.01189
   0.94428   0.01251
   0.94100   0.01315
   0.93761   0.01380
   0.93413   0.01446
   0.93055   0.01515
   0.92685   0.01585
   0.92305   0.01656
   0.91914   0.01730
   0.91511   0.01805
   0.91095   0.01882
   0.90668   0.01960
   0.90228   0.02041
   0.89774   0.02123
   0.89308   0.02207
   0.88827   0.02294
   0.88332   0.02382
   0.87822   0.02472
   0.87298   0.02564
   0.86757   0.02658
   0.86201   0.02754
   0.85627   0.02852
   0.85037   0.02952
   0.84430   0.03054
   0.83804   0.03158
   0.83159   0.03265
   0.82495   0.03373
   0.81812   0.03483
   0.81108   0.03596
   0.80383   0.03710
   0.79637   0.03827
   0.78868   0.03945
   0.78076   0.04066
   0.77261   0.04188
   0.76422   0.04313
   0.75557   0.04439
   0.74667   0.04567
   0.73750   0.04697
   0.72805   0.04829
   0.71833   0.04962
   0.70831   0.05097
   0.69800   0.05232
   0.68737   0.05370
   0.67643   0.05508
   0.66517   0.05647
   0.65356   0.05787
   0.64161   0.05927
   0.62931   0.06068
   0.61663   0.06208
   0.60358   0.06348
   0.59014   0.06487
   0.57629   0.06625
   0.56203   0.06761
   0.54735   0.06895
   0.53222   0.07027
   0.51665   0.07154
   0.50061   0.07278
   0.46858   0.07499
   0.43838   0.07674
   0.40990   0.07807
   0.38292   0.07902
   0.35738   0.07954
   0.33330   0.07967
   0.31060   0.07945
   0.28921   0.07894
   0.26905   0.07815
   0.25005   0.07713
   0.23215   0.07591
   0.21529   0.07450
   0.19942   0.07294
   0.18446   0.07125
   0.17038   0.06944
   0.15713   0.06753
   0.14465   0.06554
   0.13290   0.06347
   0.12184   0.06135
   0.11144   0.05917
   0.10165   0.05695
   0.09244   0.05469
   0.08377   0.05240
   0.07562   0.05009
   0.06796   0.04774
   0.06075   0.04537
   0.05398   0.04298
   0.04762   0.04055
   0.04164   0.03809
   0.03602   0.03559
   0.03075   0.03304
   0.02580   0.03043
   0.02117   0.02773
   0.01683   0.02491
   0.01278   0.02191
   0.00901   0.01866
   0.00553   0.01498
   0.00236   0.01040
   0.00000   0.00000
   0.00000   0.00000
   0.00440  -0.00971
   0.00840  -0.01356
   0.01252  -0.01648
   0.01681  -0.01894
   0.02132  -0.02109
   0.02606  -0.02303
   0.03106  -0.02481
   0.03633  -0.02646
   0.04190  -0.02800
   0.04778  -0.02944
   0.05399  -0.03080
   0.06057  -0.03208
   0.06752  -0.03329
   0.07487  -0.03442
   0.08265  -0.03548
   0.09088  -0.03647
   0.09960  -0.03739
   0.10882  -0.03824
   0.11859  -0.03901
   0.12894  -0.03970
   0.13989  -0.04031
   0.15149  -0.04084
   0.16378  -0.04128
   0.17680  -0.04162
   0.19059  -0.04187
   0.20521  -0.04202
   0.22069  -0.04207
   0.23711  -0.04200
   0.25451  -0.04182
   0.27296  -0.04153
   0.29252  -0.04112
   0.31326  -0.04059
   0.33526  -0.03994
   0.35860  -0.03918
   0.38336  -0.03831
   0.40974  -0.03732
   0.43787  -0.03615
   0.46772  -0.03478
   0.49939  -0.03319
   0.51527  -0.03235
   0.53069  -0.03151
   0.54568  -0.03067
   0.56024  -0.02985
   0.57439  -0.02903
   0.58813  -0.02822
   0.60149  -0.02742
   0.61446  -0.02664
   0.62707  -0.02588
   0.63931  -0.02512
   0.65121  -0.02439
   0.66277  -0.02367
   0.67400  -0.02296
   0.68491  -0.02228
   0.69551  -0.02160
   0.70581  -0.02095
   0.71582  -0.02031
   0.72554  -0.01969
   0.73498  -0.01908
   0.74416  -0.01849
   0.75307  -0.01791
   0.76173  -0.01735
   0.77015  -0.01681
   0.77832  -0.01627
   0.78626  -0.01576
   0.79398  -0.01525
   0.80147  -0.01476
   0.80875  -0.01428
   0.81583  -0.01382
   0.82270  -0.01337
   0.82937  -0.01292
   0.83586  -0.01250
   0.84216  -0.01208
   0.84828  -0.01167
   0.85423  -0.01128
   0.86001  -0.01089
   0.86562  -0.01052
   0.87107  -0.01015
   0.87636  -0.00980
   0.88151  -0.00945
   0.88651  -0.00911
   0.89136  -0.00879
   0.89608  -0.00847
   0.90066  -0.00816
   0.90511  -0.00786
   0.90943  -0.00756
   0.91363  -0.00728
   0.91771  -0.00700
   0.92168  -0.00673
   0.92553  -0.00647
   0.92927  -0.00621
   0.93290  -0.00596
   0.93643  -0.00572
   0.93986  -0.00548
   0.94319  -0.00525
   0.94642  -0.00503
   0.94957  -0.00481
   0.95262  -0.00460
   0.95558  -0.00439
   0.95846  -0.00419
   0.96126  -0.00399
   0.96398  -0.00380
   0.96662  -0.00362
   0.96919  -0.00344
   0.97168  -0.00326
   0.97410  -0.00309
   0.97645  -0.00293
   0.97873  -0.00277
   0.98095  -0.00261
   0.98310  -0.00246
   0.98519  -0.00231
   0.98723  -0.00216
   0.98920  -0.00202
   0.99112  -0.00189
   0.99298  -0.00175
   0.99479  -0.00163
   0.99655  -0.00150
   0.99826  -0.00138
   0.99991  -0.00126
