TempAirfoil
   1.00025   0.00051
   0.99765   0.00198
   0.99493   0.00350
   0.99206   0.00508
   0.98906   0.00671
   0.98591   0.00839
   0.98261   0.01012
   0.97915   0.01191
   0.97551   0.01376
   0.97170   0.01566
   0.96769   0.01761
   0.96349   0.01961
   0.95909   0.02165
   0.95446   0.02375
   0.94960   0.02589
   0.94451   0.02807
   0.93916   0.03029
   0.93354   0.03253
   0.92765   0.03480
   0.92146   0.03709
   0.91496   0.03939
   0.90813   0.04168
   0.90096   0.04397
   0.89343   0.04623
   0.88552   0.04844
   0.87721   0.05060
   0.86848   0.05268
   0.85930   0.05467
   0.84966   0.05652
   0.83953   0.05823
   0.82888   0.05975
   0.81769   0.06104
   0.80592   0.06207
   0.79361   0.06280
   0.78099   0.06341
   0.76775   0.06401
   0.75387   0.06460
   0.73932   0.06517
   0.72406   0.06572
   0.70807   0.06624
   0.69131   0.06672
   0.67374   0.06716
   0.65531   0.06755
   0.63600   0.06788
   0.61575   0.06812
   0.59453   0.06828
   0.57228   0.06833
   0.54895   0.06826
   0.52450   0.06804
   0.49886   0.06764
   0.47323   0.06708
   0.44877   0.06639
   0.42543   0.06557
   0.40316   0.06464
   0.38192   0.06362
   0.36165   0.06252
   0.34232   0.06135
   0.32388   0.06012
   0.30628   0.05884
   0.28950   0.05751
   0.27350   0.05615
   0.25823   0.05475
   0.24368   0.05334
   0.22979   0.05191
   0.21655   0.05046
   0.20392   0.04900
   0.19187   0.04754
   0.18039   0.04608
   0.16944   0.04462
   0.15899   0.04316
   0.14903   0.04171
   0.13954   0.04027
   0.13049   0.03884
   0.12185   0.03742
   0.11362   0.03601
   0.10578   0.03462
   0.09830   0.03323
   0.09116   0.03187
   0.08437   0.03051
   0.07789   0.02918
   0.07171   0.02785
   0.06582   0.02654
   0.06021   0.02524
   0.05486   0.02395
   0.04977   0.02267
   0.04491   0.02140
   0.04029   0.02014
   0.03588   0.01887
   0.03169   0.01761
   0.02769   0.01635
   0.02389   0.01507
   0.02027   0.01378
   0.01683   0.01246
   0.01356   0.01110
   0.01046   0.00968
   0.00752   0.00816
   0.00475   0.00646
   0.00216   0.00441
   0.00000   0.00000
   0.00000   0.00000
   0.00319  -0.00373
   0.00620  -0.00508
   0.00930  -0.00603
   0.01252  -0.00678
   0.01587  -0.00740
   0.01936  -0.00792
   0.02301  -0.00836
   0.02682  -0.00874
   0.03080  -0.00906
   0.03496  -0.00933
   0.03932  -0.00955
   0.04388  -0.00973
   0.04865  -0.00987
   0.05364  -0.00997
   0.05887  -0.01002
   0.06434  -0.01004
   0.07007  -0.01002
   0.07606  -0.00996
   0.08234  -0.00985
   0.08892  -0.00971
   0.09580  -0.00952
   0.10301  -0.00929
   0.11056  -0.00901
   0.11847  -0.00869
   0.12675  -0.00832
   0.13543  -0.00790
   0.14451  -0.00742
   0.15403  -0.00690
   0.16400  -0.00631
   0.17444  -0.00567
   0.18538  -0.00497
   0.19684  -0.00421
   0.20885  -0.00339
   0.22142  -0.00250
   0.23460  -0.00154
   0.24840  -0.00052
   0.26286   0.00058
   0.27801   0.00175
   0.29389   0.00299
   0.31053   0.00431
   0.32796   0.00570
   0.34622   0.00717
   0.36536   0.00871
   0.38542   0.01032
   0.40644   0.01201
   0.42847   0.01377
   0.45157   0.01560
   0.47577   0.01749
   0.50114   0.01944
   0.52651   0.02135
   0.55072   0.02314
   0.57382   0.02480
   0.59587   0.02635
   0.61691   0.02778
   0.63699   0.02912
   0.65615   0.03036
   0.67443   0.03152
   0.69188   0.03259
   0.70853   0.03359
   0.72442   0.03451
   0.73959   0.03537
   0.75406   0.03617
   0.76787   0.03691
   0.78105   0.03760
   0.79362   0.03825
   0.80536   0.03874
   0.81654   0.03890
   0.82724   0.03878
   0.83748   0.03840
   0.84727   0.03780
   0.85664   0.03701
   0.86561   0.03606
   0.87418   0.03498
   0.88239   0.03377
   0.89023   0.03247
   0.89773   0.03110
   0.90490   0.02966
   0.91176   0.02817
   0.91831   0.02664
   0.92458   0.02509
   0.93057   0.02352
   0.93629   0.02195
   0.94176   0.02037
   0.94698   0.01880
   0.95198   0.01724
   0.95675   0.01570
   0.96130   0.01418
   0.96566   0.01269
   0.96981   0.01122
   0.97378   0.00978
   0.97758   0.00837
   0.98120   0.00699
   0.98466   0.00565
   0.98796   0.00434
   0.99111   0.00307
   0.99412   0.00184
   0.99700   0.00064
   0.99975  -0.00051
