TempAirfoil
   1.00045   0.00164
   0.99791   0.00286
   0.99524   0.00414
   0.99245   0.00547
   0.98952   0.00686
   0.98644   0.00831
   0.98321   0.00982
   0.97983   0.01139
   0.97628   0.01303
   0.97255   0.01474
   0.96864   0.01652
   0.96454   0.01837
   0.96024   0.02030
   0.95572   0.02231
   0.95098   0.02439
   0.94601   0.02656
   0.94079   0.02881
   0.93532   0.03114
   0.92957   0.03357
   0.92354   0.03608
   0.91720   0.03868
   0.91056   0.04138
   0.90358   0.04417
   0.89626   0.04706
   0.88856   0.05005
   0.88049   0.05313
   0.87201   0.05630
   0.86311   0.05958
   0.85376   0.06295
   0.84394   0.06641
   0.83363   0.06997
   0.82279   0.07361
   0.81141   0.07734
   0.79946   0.08114
   0.78690   0.08502
   0.77371   0.08897
   0.75984   0.09297
   0.74528   0.09702
   0.72997   0.10110
   0.71388   0.10519
   0.69697   0.10929
   0.67920   0.11336
   0.66052   0.11738
   0.64089   0.12132
   0.62025   0.12515
   0.59856   0.12882
   0.57576   0.13230
   0.55180   0.13552
   0.52662   0.13842
   0.50015   0.14093
   0.47360   0.14287
   0.44821   0.14417
   0.42395   0.14489
   0.40078   0.14509
   0.37866   0.14483
   0.35754   0.14416
   0.33740   0.14311
   0.31819   0.14173
   0.29987   0.14006
   0.28241   0.13812
   0.26578   0.13597
   0.24993   0.13361
   0.23485   0.13108
   0.22048   0.12839
   0.20681   0.12558
   0.19380   0.12266
   0.18143   0.11965
   0.16966   0.11656
   0.15847   0.11341
   0.14783   0.11021
   0.13772   0.10697
   0.12811   0.10370
   0.11898   0.10040
   0.11031   0.09710
   0.10208   0.09378
   0.09427   0.09046
   0.08685   0.08715
   0.07981   0.08383
   0.07314   0.08053
   0.06682   0.07724
   0.06082   0.07395
   0.05514   0.07068
   0.04976   0.06742
   0.04467   0.06416
   0.03986   0.06092
   0.03532   0.05767
   0.03102   0.05442
   0.02698   0.05116
   0.02317   0.04789
   0.01959   0.04458
   0.01623   0.04123
   0.01309   0.03782
   0.01017   0.03432
   0.00747   0.03069
   0.00501   0.02686
   0.00279   0.02274
   0.00088   0.01812
  -0.00059   0.01245
   0.00000   0.00000
   0.00000   0.00000
   0.00594  -0.01096
   0.01007  -0.01506
   0.01403  -0.01807
   0.01797  -0.02050
   0.02195  -0.02256
   0.02602  -0.02436
   0.03018  -0.02596
   0.03448  -0.02739
   0.03890  -0.02867
   0.04348  -0.02984
   0.04823  -0.03089
   0.05314  -0.03184
   0.05825  -0.03269
   0.06355  -0.03345
   0.06906  -0.03412
   0.07479  -0.03471
   0.08075  -0.03521
   0.08695  -0.03563
   0.09341  -0.03597
   0.10014  -0.03622
   0.10715  -0.03638
   0.11446  -0.03646
   0.12207  -0.03645
   0.13001  -0.03635
   0.13830  -0.03616
   0.14693  -0.03588
   0.15594  -0.03549
   0.16535  -0.03502
   0.17516  -0.03443
   0.18541  -0.03375
   0.19611  -0.03296
   0.20729  -0.03207
   0.21896  -0.03106
   0.23116  -0.02995
   0.24390  -0.02872
   0.25723  -0.02738
   0.27116  -0.02593
   0.28573  -0.02438
   0.30098  -0.02271
   0.31694  -0.02094
   0.33364  -0.01908
   0.35114  -0.01712
   0.36947  -0.01507
   0.38868  -0.01296
   0.40882  -0.01079
   0.42995  -0.00858
   0.45212  -0.00635
   0.47539  -0.00412
   0.49985  -0.00192
   0.52439   0.00012
   0.54787   0.00191
   0.57034   0.00347
   0.59183   0.00481
   0.61241   0.00595
   0.63210   0.00690
   0.65094   0.00769
   0.66897   0.00831
   0.68622   0.00880
   0.70272   0.00917
   0.71852   0.00942
   0.73363   0.00957
   0.74808   0.00964
   0.76191   0.00963
   0.77513   0.00955
   0.78778   0.00941
   0.79987   0.00922
   0.81144   0.00899
   0.82249   0.00872
   0.83307   0.00842
   0.84318   0.00809
   0.85284   0.00774
   0.86207   0.00738
   0.87090   0.00700
   0.87934   0.00661
   0.88741   0.00621
   0.89511   0.00581
   0.90248   0.00541
   0.90951   0.00501
   0.91624   0.00461
   0.92266   0.00421
   0.92880   0.00382
   0.93466   0.00343
   0.94026   0.00305
   0.94561   0.00267
   0.95072   0.00231
   0.95560   0.00195
   0.96026   0.00160
   0.96471   0.00126
   0.96896   0.00093
   0.97302   0.00060
   0.97690   0.00029
   0.98060  -0.00001
   0.98413  -0.00031
   0.98751  -0.00059
   0.99073  -0.00087
   0.99381  -0.00113
   0.99674  -0.00139
   0.99955  -0.00164
