TempAirfoil
   1.00018   0.00178
   0.99756   0.00257
   0.99481   0.00340
   0.99193   0.00427
   0.98891   0.00517
   0.98574   0.00612
   0.98242   0.00710
   0.97894   0.00813
   0.97529   0.00920
   0.97147   0.01032
   0.96745   0.01148
   0.96325   0.01270
   0.95884   0.01396
   0.95421   0.01528
   0.94936   0.01665
   0.94428   0.01808
   0.93895   0.01956
   0.93336   0.02111
   0.92750   0.02271
   0.92135   0.02438
   0.91491   0.02612
   0.90815   0.02792
   0.90106   0.02979
   0.89362   0.03172
   0.88583   0.03373
   0.87765   0.03582
   0.86908   0.03797
   0.86009   0.04020
   0.85066   0.04251
   0.84076   0.04489
   0.83039   0.04735
   0.81951   0.04988
   0.80809   0.05250
   0.79612   0.05518
   0.78356   0.05795
   0.77038   0.06078
   0.75656   0.06369
   0.74207   0.06666
   0.72686   0.06969
   0.71091   0.07279
   0.69417   0.07593
   0.67661   0.07911
   0.65819   0.08232
   0.63886   0.08556
   0.61859   0.08879
   0.59731   0.09201
   0.57499   0.09519
   0.55158   0.09829
   0.52701   0.10130
   0.50124   0.10416
   0.47544   0.10671
   0.45081   0.10883
   0.42730   0.11057
   0.40485   0.11194
   0.38313   0.11294
   0.36233   0.11355
   0.34248   0.11380
   0.32354   0.11372
   0.30547   0.11334
   0.28823   0.11269
   0.27180   0.11180
   0.25613   0.11069
   0.24119   0.10939
   0.22695   0.10790
   0.21339   0.10627
   0.20046   0.10449
   0.18815   0.10259
   0.17642   0.10057
   0.16525   0.09846
   0.15462   0.09627
   0.14450   0.09399
   0.13486   0.09166
   0.12569   0.08926
   0.11697   0.08682
   0.10866   0.08433
   0.10077   0.08180
   0.09325   0.07924
   0.08611   0.07666
   0.07932   0.07404
   0.07286   0.07140
   0.06672   0.06874
   0.06089   0.06606
   0.05536   0.06336
   0.05010   0.06064
   0.04511   0.05789
   0.04037   0.05511
   0.03588   0.05230
   0.03163   0.04946
   0.02760   0.04656
   0.02378   0.04361
   0.02018   0.04059
   0.01678   0.03748
   0.01358   0.03424
   0.01058   0.03084
   0.00778   0.02721
   0.00519   0.02323
   0.00284   0.01870
   0.00080   0.01302
   0.00000   0.00000
   0.00000   0.00000
   0.00455  -0.01222
   0.00811  -0.01707
   0.01163  -0.02074
   0.01519  -0.02382
   0.01884  -0.02652
   0.02261  -0.02895
   0.02649  -0.03118
   0.03052  -0.03325
   0.03471  -0.03519
   0.03905  -0.03701
   0.04358  -0.03874
   0.04829  -0.04038
   0.05319  -0.04194
   0.05830  -0.04342
   0.06363  -0.04484
   0.06919  -0.04618
   0.07499  -0.04747
   0.08105  -0.04869
   0.08737  -0.04984
   0.09397  -0.05093
   0.10086  -0.05196
   0.10805  -0.05292
   0.11557  -0.05382
   0.12343  -0.05465
   0.13164  -0.05541
   0.14022  -0.05609
   0.14919  -0.05671
   0.15857  -0.05724
   0.16837  -0.05770
   0.17863  -0.05807
   0.18935  -0.05835
   0.20057  -0.05855
   0.21230  -0.05865
   0.22458  -0.05866
   0.23743  -0.05857
   0.25089  -0.05838
   0.26497  -0.05808
   0.27972  -0.05769
   0.29516  -0.05718
   0.31134  -0.05657
   0.32829  -0.05585
   0.34606  -0.05503
   0.36468  -0.05411
   0.38421  -0.05308
   0.40475  -0.05197
   0.42660  -0.05071
   0.44952  -0.04926
   0.47355  -0.04764
   0.49876  -0.04582
   0.52399  -0.04391
   0.54809  -0.04202
   0.57110  -0.04016
   0.59308  -0.03833
   0.61408  -0.03656
   0.63412  -0.03485
   0.65327  -0.03319
   0.67156  -0.03160
   0.68902  -0.03006
   0.70570  -0.02859
   0.72163  -0.02718
   0.73684  -0.02583
   0.75136  -0.02453
   0.76523  -0.02329
   0.77847  -0.02211
   0.79112  -0.02097
   0.80319  -0.01989
   0.81472  -0.01885
   0.82573  -0.01786
   0.83624  -0.01691
   0.84628  -0.01600
   0.85586  -0.01513
   0.86501  -0.01430
   0.87374  -0.01350
   0.88208  -0.01274
   0.89004  -0.01202
   0.89763  -0.01132
   0.90489  -0.01066
   0.91181  -0.01002
   0.91842  -0.00941
   0.92473  -0.00883
   0.93075  -0.00827
   0.93650  -0.00774
   0.94199  -0.00723
   0.94722  -0.00674
   0.95222  -0.00628
   0.95699  -0.00583
   0.96155  -0.00540
   0.96590  -0.00499
   0.97004  -0.00460
   0.97400  -0.00423
   0.97778  -0.00387
   0.98139  -0.00353
   0.98483  -0.00321
   0.98812  -0.00289
   0.99125  -0.00260
   0.99424  -0.00231
   0.99710  -0.00204
   0.99982  -0.00178
