TempAirfoil
   1.00095   0.00161
   0.99855   0.00366
   0.99603   0.00580
   0.99339   0.00802
   0.99061   0.01034
   0.98769   0.01274
   0.98462   0.01524
   0.98140   0.01784
   0.97801   0.02054
   0.97445   0.02334
   0.97071   0.02624
   0.96677   0.02926
   0.96263   0.03238
   0.95828   0.03560
   0.95371   0.03895
   0.94889   0.04240
   0.94383   0.04596
   0.93850   0.04964
   0.93288   0.05343
   0.92698   0.05732
   0.92075   0.06133
   0.91420   0.06544
   0.90729   0.06965
   0.90002   0.07396
   0.89235   0.07836
   0.88426   0.08283
   0.87573   0.08738
   0.86673   0.09199
   0.85723   0.09664
   0.84721   0.10133
   0.83662   0.10601
   0.82545   0.11069
   0.81364   0.11532
   0.80116   0.11988
   0.78797   0.12432
   0.77402   0.12861
   0.75928   0.13270
   0.74369   0.13653
   0.72721   0.14003
   0.70978   0.14314
   0.69155   0.14577
   0.67365   0.14817
   0.65486   0.15048
   0.63514   0.15268
   0.61442   0.15474
   0.59267   0.15663
   0.56984   0.15831
   0.54587   0.15972
   0.52071   0.16082
   0.49431   0.16152
   0.46787   0.16176
   0.44263   0.16155
   0.41854   0.16091
   0.39556   0.15990
   0.37363   0.15856
   0.35272   0.15692
   0.33278   0.15501
   0.31378   0.15286
   0.29567   0.15051
   0.27843   0.14797
   0.26200   0.14526
   0.24636   0.14241
   0.23147   0.13945
   0.21730   0.13637
   0.20381   0.13321
   0.19099   0.12997
   0.17878   0.12668
   0.16718   0.12333
   0.15615   0.11994
   0.14566   0.11652
   0.13569   0.11308
   0.12622   0.10962
   0.11722   0.10615
   0.10867   0.10268
   0.10056   0.09921
   0.09285   0.09575
   0.08554   0.09229
   0.07860   0.08884
   0.07202   0.08540
   0.06578   0.08198
   0.05986   0.07856
   0.05426   0.07516
   0.04896   0.07176
   0.04393   0.06837
   0.03919   0.06499
   0.03470   0.06160
   0.03046   0.05820
   0.02647   0.05479
   0.02271   0.05136
   0.01918   0.04789
   0.01586   0.04437
   0.01277   0.04077
   0.00989   0.03706
   0.00723   0.03321
   0.00480   0.02914
   0.00262   0.02473
   0.00074   0.01976
  -0.00068   0.01364
   0.00000   0.00000
   0.00000   0.00000
   0.00602  -0.01225
   0.01020  -0.01693
   0.01420  -0.02038
   0.01818  -0.02321
   0.02220  -0.02564
   0.02630  -0.02778
   0.03051  -0.02970
   0.03484  -0.03143
   0.03932  -0.03301
   0.04394  -0.03445
   0.04873  -0.03578
   0.05370  -0.03699
   0.05886  -0.03810
   0.06422  -0.03911
   0.06980  -0.04002
   0.07559  -0.04084
   0.08163  -0.04157
   0.08791  -0.04220
   0.09445  -0.04274
   0.10126  -0.04318
   0.10837  -0.04352
   0.11577  -0.04376
   0.12349  -0.04390
   0.13154  -0.04394
   0.13993  -0.04386
   0.14869  -0.04366
   0.15784  -0.04335
   0.16738  -0.04291
   0.17734  -0.04234
   0.18773  -0.04164
   0.19859  -0.04079
   0.20993  -0.03980
   0.22178  -0.03865
   0.23415  -0.03734
   0.24709  -0.03587
   0.26060  -0.03423
   0.27474  -0.03241
   0.28951  -0.03040
   0.30497  -0.02821
   0.32113  -0.02582
   0.33805  -0.02324
   0.35576  -0.02045
   0.37430  -0.01746
   0.39371  -0.01427
   0.41405  -0.01086
   0.43536  -0.00726
   0.45770  -0.00345
   0.48112   0.00055
   0.50569   0.00474
   0.53029   0.00891
   0.55380   0.01285
   0.57626   0.01657
   0.59772   0.02006
   0.61824   0.02335
   0.63785   0.02643
   0.65660   0.02932
   0.67451   0.03203
   0.69164   0.03457
   0.70683   0.03680
   0.72128   0.03854
   0.73521   0.03982
   0.74864   0.04070
   0.76159   0.04122
   0.77407   0.04142
   0.78608   0.04133
   0.79765   0.04099
   0.80878   0.04044
   0.81950   0.03969
   0.82980   0.03877
   0.83970   0.03772
   0.84922   0.03654
   0.85836   0.03526
   0.86713   0.03390
   0.87556   0.03247
   0.88364   0.03098
   0.89140   0.02945
   0.89883   0.02789
   0.90596   0.02632
   0.91280   0.02473
   0.91934   0.02313
   0.92562   0.02154
   0.93162   0.01996
   0.93737   0.01839
   0.94288   0.01684
   0.94815   0.01531
   0.95320   0.01381
   0.95802   0.01233
   0.96264   0.01089
   0.96706   0.00948
   0.97129   0.00810
   0.97533   0.00676
   0.97919   0.00545
   0.98288   0.00418
   0.98642   0.00295
   0.98979   0.00175
   0.99302   0.00059
   0.99610  -0.00053
   0.99905  -0.00161
