TempAirfoil
   1.00004   0.00179
   0.99739   0.00238
   0.99460   0.00301
   0.99167   0.00366
   0.98861   0.00434
   0.98540   0.00505
   0.98204   0.00580
   0.97851   0.00657
   0.97481   0.00738
   0.97094   0.00822
   0.96687   0.00910
   0.96262   0.01002
   0.95815   0.01098
   0.95348   0.01197
   0.94857   0.01301
   0.94343   0.01410
   0.93804   0.01522
   0.93240   0.01640
   0.92648   0.01762
   0.92027   0.01889
   0.91377   0.02022
   0.90695   0.02159
   0.89980   0.02302
   0.89231   0.02451
   0.88446   0.02605
   0.87623   0.02765
   0.86760   0.02931
   0.85855   0.03104
   0.84907   0.03283
   0.83913   0.03468
   0.82872   0.03660
   0.81779   0.03858
   0.80635   0.04063
   0.79434   0.04275
   0.78176   0.04494
   0.76858   0.04719
   0.75475   0.04951
   0.74026   0.05190
   0.72507   0.05436
   0.70914   0.05687
   0.69245   0.05945
   0.67494   0.06208
   0.65660   0.06476
   0.63736   0.06749
   0.61720   0.07024
   0.59606   0.07302
   0.57390   0.07580
   0.55066   0.07856
   0.52631   0.08129
   0.50078   0.08395
   0.47524   0.08638
   0.45087   0.08848
   0.42761   0.09027
   0.40542   0.09176
   0.38424   0.09297
   0.36404   0.09393
   0.34476   0.09464
   0.32636   0.09513
   0.30880   0.09540
   0.29205   0.09548
   0.27607   0.09537
   0.26083   0.09509
   0.24628   0.09466
   0.23240   0.09407
   0.21915   0.09335
   0.20652   0.09251
   0.19446   0.09154
   0.18296   0.09048
   0.17199   0.08931
   0.16152   0.08805
   0.15154   0.08671
   0.14149   0.08526
   0.13180   0.08366
   0.12258   0.08192
   0.11381   0.08007
   0.10547   0.07810
   0.09755   0.07604
   0.09002   0.07389
   0.08287   0.07166
   0.07607   0.06937
   0.06962   0.06701
   0.06350   0.06459
   0.05768   0.06212
   0.05217   0.05960
   0.04695   0.05703
   0.04200   0.05440
   0.03731   0.05173
   0.03287   0.04899
   0.02867   0.04620
   0.02470   0.04333
   0.02096   0.04038
   0.01743   0.03732
   0.01412   0.03413
   0.01101   0.03077
   0.00811   0.02717
   0.00544   0.02322
   0.00301   0.01870
   0.00090   0.01303
   0.00000   0.00000
   0.00000   0.00000
   0.00445  -0.01227
   0.00794  -0.01716
   0.01138  -0.02088
   0.01486  -0.02401
   0.01842  -0.02677
   0.02208  -0.02927
   0.02585  -0.03159
   0.02975  -0.03375
   0.03379  -0.03579
   0.03798  -0.03774
   0.04234  -0.03960
   0.04686  -0.04140
   0.05157  -0.04313
   0.05646  -0.04481
   0.06156  -0.04644
   0.06687  -0.04804
   0.07239  -0.04959
   0.07815  -0.05112
   0.08416  -0.05261
   0.09042  -0.05408
   0.09695  -0.05553
   0.10376  -0.05696
   0.11086  -0.05838
   0.11828  -0.05978
   0.12603  -0.06118
   0.13411  -0.06257
   0.14256  -0.06396
   0.15153  -0.06535
   0.16147  -0.06670
   0.17189  -0.06797
   0.18281  -0.06915
   0.19425  -0.07025
   0.20624  -0.07125
   0.21881  -0.07214
   0.23199  -0.07292
   0.24580  -0.07358
   0.26027  -0.07410
   0.27544  -0.07449
   0.29134  -0.07472
   0.30801  -0.07479
   0.32547  -0.07469
   0.34378  -0.07441
   0.36298  -0.07393
   0.38309  -0.07324
   0.40418  -0.07233
   0.42629  -0.07118
   0.44946  -0.06979
   0.47376  -0.06814
   0.49922  -0.06622
   0.52470  -0.06411
   0.54900  -0.06194
   0.57220  -0.05974
   0.59434  -0.05753
   0.61547  -0.05532
   0.63563  -0.05313
   0.65487  -0.05098
   0.67322  -0.04885
   0.69075  -0.04677
   0.70746  -0.04474
   0.72342  -0.04275
   0.73864  -0.04082
   0.75317  -0.03895
   0.76704  -0.03712
   0.78027  -0.03535
   0.79289  -0.03364
   0.80494  -0.03199
   0.81644  -0.03038
   0.82740  -0.02883
   0.83787  -0.02734
   0.84786  -0.02589
   0.85739  -0.02450
   0.86649  -0.02316
   0.87517  -0.02187
   0.88345  -0.02062
   0.89135  -0.01942
   0.89889  -0.01827
   0.90608  -0.01715
   0.91295  -0.01609
   0.91950  -0.01506
   0.92575  -0.01407
   0.93171  -0.01312
   0.93741  -0.01221
   0.94284  -0.01134
   0.94802  -0.01050
   0.95296  -0.00969
   0.95768  -0.00892
   0.96218  -0.00817
   0.96647  -0.00746
   0.97057  -0.00678
   0.97448  -0.00613
   0.97821  -0.00550
   0.98177  -0.00490
   0.98517  -0.00432
   0.98841  -0.00377
   0.99150  -0.00324
   0.99445  -0.00273
   0.99727  -0.00225
   0.99996  -0.00179
