TempAirfoil
   1.00019   0.00173
   0.99758   0.00254
   0.99483   0.00339
   0.99196   0.00428
   0.98895   0.00520
   0.98579   0.00617
   0.98247   0.00718
   0.97900   0.00823
   0.97536   0.00933
   0.97154   0.01048
   0.96754   0.01168
   0.96334   0.01293
   0.95894   0.01423
   0.95433   0.01559
   0.94950   0.01700
   0.94442   0.01847
   0.93911   0.02001
   0.93353   0.02161
   0.92769   0.02327
   0.92156   0.02501
   0.91514   0.02681
   0.90840   0.02868
   0.90133   0.03063
   0.89392   0.03265
   0.88616   0.03476
   0.87801   0.03694
   0.86947   0.03920
   0.86051   0.04155
   0.85111   0.04398
   0.84126   0.04650
   0.83093   0.04911
   0.82009   0.05181
   0.80873   0.05460
   0.79681   0.05748
   0.78431   0.06045
   0.77120   0.06351
   0.75744   0.06666
   0.74302   0.06990
   0.72789   0.07323
   0.71202   0.07663
   0.69538   0.08012
   0.67791   0.08368
   0.65960   0.08731
   0.64038   0.09099
   0.62023   0.09471
   0.59908   0.09846
   0.57690   0.10222
   0.55363   0.10597
   0.52921   0.10967
   0.50360   0.11329
   0.47796   0.11664
   0.45348   0.11956
   0.43010   0.12208
   0.40778   0.12422
   0.38648   0.12603
   0.36613   0.12751
   0.34672   0.12869
   0.32819   0.12960
   0.31050   0.13024
   0.29362   0.13066
   0.27751   0.13085
   0.26214   0.13083
   0.24747   0.13064
   0.23347   0.13026
   0.22012   0.12973
   0.20738   0.12906
   0.19522   0.12825
   0.18363   0.12731
   0.17257   0.12627
   0.16201   0.12512
   0.15195   0.12387
   0.14235   0.12254
   0.13319   0.12113
   0.12446   0.11964
   0.11613   0.11809
   0.10818   0.11647
   0.09719   0.11454
   0.08619   0.11188
   0.07599   0.10860
   0.06657   0.10482
   0.05791   0.10064
   0.04998   0.09615
   0.04272   0.09143
   0.03609   0.08654
   0.03006   0.08152
   0.02457   0.07642
   0.01960   0.07127
   0.01511   0.06609
   0.01107   0.06089
   0.00745   0.05569
   0.00424   0.05048
   0.00142   0.04528
  -0.00100   0.04005
  -0.00302   0.03479
  -0.00462   0.02945
  -0.00574   0.02396
  -0.00623   0.01816
  -0.00571   0.01165
   0.00000   0.00000
   0.00000   0.00000
   0.01106  -0.00670
   0.01718  -0.00816
   0.02256  -0.00881
   0.02760  -0.00907
   0.03245  -0.00911
   0.03719  -0.00901
   0.04185  -0.00882
   0.04647  -0.00860
   0.05104  -0.00837
   0.05559  -0.00817
   0.06010  -0.00801
   0.06457  -0.00793
   0.06899  -0.00794
   0.07336  -0.00807
   0.07764  -0.00833
   0.08183  -0.00875
   0.08591  -0.00932
   0.08986  -0.01007
   0.09365  -0.01099
   0.09729  -0.01210
   0.10078  -0.01337
   0.10411  -0.01481
   0.10816  -0.01642
   0.11597  -0.01804
   0.12415  -0.01963
   0.13272  -0.02116
   0.14171  -0.02264
   0.15112  -0.02407
   0.16098  -0.02544
   0.17131  -0.02675
   0.18214  -0.02799
   0.19349  -0.02916
   0.20539  -0.03025
   0.21785  -0.03126
   0.23092  -0.03219
   0.24461  -0.03302
   0.25896  -0.03375
   0.27401  -0.03438
   0.28978  -0.03489
   0.30631  -0.03529
   0.32365  -0.03557
   0.34182  -0.03571
   0.36088  -0.03572
   0.38086  -0.03559
   0.40182  -0.03531
   0.42380  -0.03488
   0.44685  -0.03429
   0.47103  -0.03355
   0.49640  -0.03263
   0.52179  -0.03161
   0.54604  -0.03053
   0.56920  -0.02943
   0.59132  -0.02833
   0.61244  -0.02722
   0.63260  -0.02612
   0.65186  -0.02505
   0.67025  -0.02399
   0.68782  -0.02296
   0.70458  -0.02196
   0.72060  -0.02099
   0.73588  -0.02005
   0.75048  -0.01913
   0.76442  -0.01825
   0.77772  -0.01740
   0.79043  -0.01659
   0.80256  -0.01580
   0.81414  -0.01503
   0.82519  -0.01430
   0.83575  -0.01359
   0.84582  -0.01292
   0.85544  -0.01226
   0.86462  -0.01163
   0.87338  -0.01103
   0.88175  -0.01045
   0.88974  -0.00989
   0.89736  -0.00935
   0.90464  -0.00884
   0.91158  -0.00834
   0.91821  -0.00786
   0.92454  -0.00741
   0.93058  -0.00697
   0.93634  -0.00655
   0.94184  -0.00614
   0.94709  -0.00575
   0.95211  -0.00538
   0.95689  -0.00502
   0.96145  -0.00468
   0.96581  -0.00435
   0.96997  -0.00404
   0.97394  -0.00373
   0.97772  -0.00344
   0.98134  -0.00317
   0.98479  -0.00290
   0.98808  -0.00264
   0.99122  -0.00240
   0.99422  -0.00217
   0.99708  -0.00194
   0.99981  -0.00173
