TempAirfoil
   1.00000   0.00073
   0.99733   0.00095
   0.99453   0.00118
   0.99159   0.00142
   0.98851   0.00167
   0.98529   0.00193
   0.98190   0.00220
   0.97836   0.00248
   0.97465   0.00277
   0.97075   0.00308
   0.96667   0.00340
   0.96240   0.00374
   0.95792   0.00409
   0.95322   0.00445
   0.94829   0.00483
   0.94313   0.00522
   0.93772   0.00563
   0.93206   0.00606
   0.92611   0.00651
   0.91989   0.00697
   0.91336   0.00745
   0.90652   0.00796
   0.89935   0.00848
   0.89183   0.00902
   0.88395   0.00958
   0.87570   0.01017
   0.86704   0.01078
   0.85797   0.01141
   0.84847   0.01206
   0.83850   0.01274
   0.82806   0.01344
   0.81711   0.01416
   0.80564   0.01491
   0.79362   0.01569
   0.78102   0.01649
   0.76781   0.01731
   0.75396   0.01816
   0.73945   0.01904
   0.72424   0.01994
   0.70830   0.02086
   0.69160   0.02181
   0.67408   0.02278
   0.65573   0.02376
   0.63649   0.02477
   0.61633   0.02578
   0.59520   0.02680
   0.57305   0.02783
   0.54983   0.02885
   0.52550   0.02985
   0.50000   0.03083
   0.47450   0.03173
   0.45017   0.03250
   0.42695   0.03315
   0.40480   0.03369
   0.38367   0.03413
   0.36351   0.03446
   0.34427   0.03471
   0.32592   0.03487
   0.30840   0.03494
   0.29170   0.03494
   0.27576   0.03487
   0.26055   0.03474
   0.24604   0.03454
   0.23219   0.03429
   0.21898   0.03398
   0.20638   0.03362
   0.19436   0.03322
   0.18289   0.03277
   0.17194   0.03229
   0.16150   0.03177
   0.15153   0.03122
   0.14203   0.03064
   0.13296   0.03003
   0.12430   0.02939
   0.11605   0.02873
   0.10817   0.02804
   0.10065   0.02734
   0.09348   0.02661
   0.08664   0.02586
   0.08011   0.02510
   0.07389   0.02432
   0.06794   0.02351
   0.06228   0.02269
   0.05687   0.02186
   0.05171   0.02100
   0.04678   0.02012
   0.04208   0.01922
   0.03760   0.01829
   0.03333   0.01734
   0.02925   0.01635
   0.02535   0.01533
   0.02164   0.01425
   0.01810   0.01312
   0.01471   0.01191
   0.01149   0.01060
   0.00841   0.00914
   0.00547   0.00743
   0.00267   0.00525
   0.00000   0.00000
   0.00000   0.00000
   0.00267  -0.00525
   0.00547  -0.00743
   0.00841  -0.00914
   0.01149  -0.01060
   0.01471  -0.01191
   0.01810  -0.01312
   0.02164  -0.01425
   0.02535  -0.01533
   0.02925  -0.01635
   0.03333  -0.01734
   0.03760  -0.01829
   0.04208  -0.01922
   0.04678  -0.02012
   0.05171  -0.02100
   0.05687  -0.02186
   0.06228  -0.02269
   0.06794  -0.02351
   0.07389  -0.02432
   0.08011  -0.02510
   0.08664  -0.02586
   0.09348  -0.02661
   0.10065  -0.02734
   0.10817  -0.02804
   0.11605  -0.02873
   0.12430  -0.02939
   0.13296  -0.03003
   0.14203  -0.03064
   0.15153  -0.03122
   0.16150  -0.03177
   0.17194  -0.03229
   0.18289  -0.03277
   0.19436  -0.03322
   0.20638  -0.03362
   0.21898  -0.03398
   0.23219  -0.03429
   0.24604  -0.03454
   0.26055  -0.03474
   0.27576  -0.03487
   0.29170  -0.03494
   0.30840  -0.03494
   0.32592  -0.03487
   0.34427  -0.03471
   0.36351  -0.03446
   0.38367  -0.03413
   0.40480  -0.03369
   0.42695  -0.03315
   0.45017  -0.03250
   0.47450  -0.03173
   0.50000  -0.03083
   0.52550  -0.02985
   0.54983  -0.02885
   0.57305  -0.02783
   0.59520  -0.02680
   0.61633  -0.02578
   0.63649  -0.02477
   0.65573  -0.02376
   0.67408  -0.02278
   0.69160  -0.02181
   0.70830  -0.02086
   0.72424  -0.01994
   0.73945  -0.01904
   0.75396  -0.01816
   0.76781  -0.01731
   0.78102  -0.01649
   0.79362  -0.01569
   0.80564  -0.01491
   0.81711  -0.01416
   0.82806  -0.01344
   0.83850  -0.01274
   0.84847  -0.01206
   0.85797  -0.01141
   0.86704  -0.01078
   0.87570  -0.01017
   0.88395  -0.00958
   0.89183  -0.00902
   0.89935  -0.00848
   0.90652  -0.00796
   0.91336  -0.00745
   0.91989  -0.00697
   0.92611  -0.00651
   0.93206  -0.00606
   0.93772  -0.00563
   0.94313  -0.00522
   0.94829  -0.00483
   0.95322  -0.00445
   0.95792  -0.00409
   0.96240  -0.00374
   0.96667  -0.00340
   0.97075  -0.00308
   0.97465  -0.00277
   0.97836  -0.00248
   0.98190  -0.00220
   0.98529  -0.00193
   0.98851  -0.00167
   0.99159  -0.00142
   0.99453  -0.00118
   0.99733  -0.00095
   1.00000  -0.00073
