TempAirfoil
   1.00050   0.00081
   0.99797   0.00268
   0.99531   0.00462
   0.99252   0.00662
   0.98959   0.00870
   0.98652   0.01084
   0.98329   0.01305
   0.97990   0.01533
   0.97634   0.01769
   0.97260   0.02011
   0.96867   0.02259
   0.96455   0.02514
   0.96021   0.02776
   0.95565   0.03043
   0.95086   0.03317
   0.94583   0.03595
   0.94054   0.03878
   0.93497   0.04165
   0.92911   0.04455
   0.92295   0.04747
   0.91647   0.05041
   0.90965   0.05334
   0.90247   0.05626
   0.89491   0.05914
   0.88694   0.06196
   0.87855   0.06471
   0.86971   0.06736
   0.86040   0.06987
   0.85058   0.07221
   0.84023   0.07435
   0.82932   0.07623
   0.81781   0.07780
   0.80568   0.07902
   0.79358   0.08001
   0.78092   0.08101
   0.76765   0.08201
   0.75374   0.08300
   0.73915   0.08398
   0.72386   0.08494
   0.70782   0.08588
   0.69100   0.08678
   0.67337   0.08764
   0.65488   0.08844
   0.63550   0.08917
   0.61517   0.08982
   0.59386   0.09037
   0.57151   0.09079
   0.54808   0.09106
   0.52351   0.09116
   0.49776   0.09104
   0.47200   0.09070
   0.44742   0.09015
   0.42396   0.08941
   0.40159   0.08851
   0.38024   0.08746
   0.35988   0.08629
   0.34046   0.08499
   0.32194   0.08360
   0.30428   0.08211
   0.28743   0.08054
   0.27137   0.07891
   0.25605   0.07722
   0.24145   0.07548
   0.22753   0.07369
   0.21425   0.07187
   0.20160   0.07003
   0.18954   0.06816
   0.17805   0.06627
   0.16709   0.06438
   0.15665   0.06247
   0.14669   0.06056
   0.13721   0.05865
   0.12817   0.05674
   0.11956   0.05484
   0.11136   0.05294
   0.10354   0.05104
   0.09609   0.04916
   0.08900   0.04728
   0.08224   0.04542
   0.07581   0.04356
   0.06968   0.04171
   0.06384   0.03988
   0.05828   0.03805
   0.05300   0.03622
   0.04796   0.03440
   0.04317   0.03259
   0.03861   0.03077
   0.03428   0.02894
   0.03016   0.02711
   0.02625   0.02526
   0.02253   0.02338
   0.01900   0.02146
   0.01565   0.01950
   0.01249   0.01745
   0.00950   0.01530
   0.00669   0.01297
   0.00407   0.01035
   0.00168   0.00713
   0.00000   0.00000
   0.00000   0.00000
   0.00367  -0.00634
   0.00688  -0.00873
   0.01013  -0.01049
   0.01348  -0.01191
   0.01694  -0.01313
   0.02054  -0.01419
   0.02428  -0.01513
   0.02818  -0.01598
   0.03225  -0.01674
   0.03649  -0.01743
   0.04092  -0.01805
   0.04555  -0.01862
   0.05039  -0.01912
   0.05545  -0.01956
   0.06074  -0.01996
   0.06627  -0.02029
   0.07205  -0.02058
   0.07810  -0.02081
   0.08442  -0.02099
   0.09104  -0.02111
   0.09797  -0.02117
   0.10522  -0.02118
   0.11280  -0.02112
   0.12074  -0.02101
   0.12905  -0.02082
   0.13774  -0.02057
   0.14684  -0.02025
   0.15637  -0.01986
   0.16635  -0.01939
   0.17679  -0.01884
   0.18772  -0.01821
   0.19917  -0.01749
   0.21116  -0.01668
   0.22371  -0.01577
   0.23686  -0.01477
   0.25063  -0.01367
   0.26504  -0.01246
   0.28015  -0.01115
   0.29596  -0.00972
   0.31253  -0.00818
   0.32989  -0.00652
   0.34808  -0.00474
   0.36713  -0.00284
   0.38709  -0.00081
   0.40801   0.00134
   0.42994   0.00361
   0.45291   0.00601
   0.47700   0.00853
   0.50224   0.01117
   0.52749   0.01380
   0.55159   0.01629
   0.57459   0.01865
   0.59654   0.02087
   0.61749   0.02297
   0.63749   0.02494
   0.65658   0.02680
   0.67480   0.02855
   0.69219   0.03020
   0.70878   0.03175
   0.72463   0.03321
   0.73975   0.03458
   0.75418   0.03587
   0.76796   0.03709
   0.78111   0.03823
   0.79366   0.03931
   0.80561   0.04033
   0.81642   0.04109
   0.82680   0.04146
   0.83678   0.04148
   0.84635   0.04121
   0.85555   0.04068
   0.86437   0.03991
   0.87284   0.03896
   0.88096   0.03783
   0.88875   0.03655
   0.89622   0.03516
   0.90338   0.03367
   0.91024   0.03210
   0.91682   0.03046
   0.92311   0.02877
   0.92914   0.02704
   0.93491   0.02528
   0.94044   0.02352
   0.94573   0.02174
   0.95078   0.01997
   0.95562   0.01820
   0.96025   0.01645
   0.96468   0.01472
   0.96891   0.01301
   0.97296   0.01133
   0.97682   0.00969
   0.98052   0.00807
   0.98406   0.00649
   0.98743   0.00495
   0.99066   0.00345
   0.99374   0.00199
   0.99669   0.00057
   0.99950  -0.00081
