TempAirfoil
   1.00011   0.00169
   0.99747   0.00237
   0.99470   0.00308
   0.99180   0.00382
   0.98876   0.00459
   0.98557   0.00539
   0.98222   0.00623
   0.97872   0.00711
   0.97505   0.00802
   0.97119   0.00897
   0.96716   0.00997
   0.96292   0.01100
   0.95849   0.01208
   0.95383   0.01320
   0.94896   0.01437
   0.94384   0.01559
   0.93848   0.01685
   0.93286   0.01817
   0.92697   0.01954
   0.92079   0.02097
   0.91431   0.02245
   0.90752   0.02399
   0.90040   0.02558
   0.89294   0.02724
   0.88511   0.02896
   0.87690   0.03074
   0.86830   0.03258
   0.85927   0.03449
   0.84981   0.03647
   0.83989   0.03851
   0.82949   0.04062
   0.81858   0.04279
   0.80715   0.04504
   0.79515   0.04735
   0.78258   0.04973
   0.76939   0.05217
   0.75556   0.05468
   0.74105   0.05724
   0.72584   0.05987
   0.70989   0.06255
   0.69316   0.06527
   0.67562   0.06804
   0.65722   0.07084
   0.63792   0.07367
   0.61769   0.07650
   0.59647   0.07932
   0.57421   0.08212
   0.55086   0.08487
   0.52638   0.08755
   0.50071   0.09010
   0.47502   0.09239
   0.45050   0.09431
   0.42710   0.09590
   0.40471   0.09716
   0.38320   0.09810
   0.36266   0.09871
   0.34307   0.09903
   0.32437   0.09907
   0.30653   0.09887
   0.28952   0.09845
   0.27329   0.09782
   0.25781   0.09700
   0.24305   0.09602
   0.22898   0.09488
   0.21556   0.09360
   0.20277   0.09220
   0.19058   0.09068
   0.17896   0.08906
   0.16788   0.08736
   0.15733   0.08557
   0.14728   0.08371
   0.13770   0.08178
   0.12857   0.07979
   0.11988   0.07776
   0.11159   0.07567
   0.10371   0.07355
   0.09620   0.07139
   0.08904   0.06919
   0.08223   0.06696
   0.07575   0.06470
   0.06958   0.06241
   0.06371   0.06010
   0.05812   0.05776
   0.05280   0.05538
   0.04774   0.05298
   0.04293   0.05055
   0.03836   0.04807
   0.03401   0.04555
   0.02989   0.04298
   0.02597   0.04035
   0.02225   0.03764
   0.01872   0.03483
   0.01539   0.03190
   0.01224   0.02881
   0.00926   0.02549
   0.00648   0.02184
   0.00389   0.01764
   0.00155   0.01234
   0.00000   0.00000
   0.00000   0.00000
   0.00380  -0.01184
   0.00706  -0.01662
   0.01034  -0.02028
   0.01371  -0.02337
   0.01719  -0.02610
   0.02080  -0.02859
   0.02455  -0.03089
   0.02846  -0.03304
   0.03252  -0.03507
   0.03677  -0.03699
   0.04119  -0.03883
   0.04581  -0.04059
   0.05063  -0.04228
   0.05567  -0.04391
   0.06093  -0.04547
   0.06643  -0.04698
   0.07218  -0.04843
   0.07819  -0.04982
   0.08448  -0.05116
   0.09105  -0.05245
   0.09792  -0.05368
   0.10511  -0.05485
   0.11263  -0.05596
   0.12050  -0.05702
   0.12873  -0.05801
   0.13734  -0.05893
   0.14636  -0.05979
   0.15579  -0.06057
   0.16566  -0.06128
   0.17600  -0.06191
   0.18681  -0.06246
   0.19814  -0.06291
   0.20999  -0.06328
   0.22241  -0.06355
   0.23541  -0.06371
   0.24903  -0.06377
   0.26329  -0.06372
   0.27823  -0.06355
   0.29388  -0.06327
   0.31028  -0.06285
   0.32746  -0.06231
   0.34547  -0.06164
   0.36435  -0.06083
   0.38414  -0.05988
   0.40489  -0.05880
   0.42681  -0.05756
   0.44983  -0.05613
   0.47397  -0.05448
   0.49929  -0.05263
   0.52462  -0.05065
   0.54880  -0.04867
   0.57189  -0.04669
   0.59393  -0.04474
   0.61497  -0.04283
   0.63506  -0.04096
   0.65424  -0.03914
   0.67255  -0.03737
   0.69003  -0.03565
   0.70672  -0.03399
   0.72265  -0.03239
   0.73785  -0.03085
   0.75237  -0.02936
   0.76623  -0.02792
   0.77946  -0.02654
   0.79208  -0.02521
   0.80414  -0.02393
   0.81565  -0.02270
   0.82663  -0.02152
   0.83711  -0.02038
   0.84712  -0.01929
   0.85667  -0.01825
   0.86579  -0.01724
   0.87449  -0.01628
   0.88280  -0.01535
   0.89072  -0.01446
   0.89829  -0.01361
   0.90551  -0.01280
   0.91240  -0.01201
   0.91898  -0.01126
   0.92526  -0.01054
   0.93125  -0.00985
   0.93697  -0.00919
   0.94242  -0.00855
   0.94763  -0.00794
   0.95260  -0.00736
   0.95735  -0.00680
   0.96187  -0.00627
   0.96619  -0.00576
   0.97031  -0.00526
   0.97425  -0.00480
   0.97800  -0.00435
   0.98159  -0.00392
   0.98500  -0.00350
   0.98827  -0.00311
   0.99138  -0.00273
   0.99435  -0.00237
   0.99718  -0.00203
   0.99989  -0.00169
