TempAirfoil
   1.00017   0.00208
   0.99755   0.00292
   0.99480   0.00379
   0.99191   0.00471
   0.98889   0.00566
   0.98572   0.00665
   0.98240   0.00769
   0.97891   0.00877
   0.97526   0.00990
   0.97143   0.01107
   0.96741   0.01230
   0.96320   0.01358
   0.95879   0.01491
   0.95416   0.01629
   0.94930   0.01773
   0.94421   0.01923
   0.93888   0.02079
   0.93328   0.02241
   0.92741   0.02410
   0.92125   0.02585
   0.91480   0.02767
   0.90803   0.02956
   0.90093   0.03151
   0.89348   0.03354
   0.88567   0.03565
   0.87748   0.03783
   0.86889   0.04008
   0.85988   0.04241
   0.85043   0.04482
   0.84052   0.04731
   0.83012   0.04988
   0.81921   0.05252
   0.80777   0.05524
   0.79577   0.05804
   0.78318   0.06092
   0.76997   0.06387
   0.75612   0.06688
   0.74158   0.06997
   0.72633   0.07311
   0.71033   0.07631
   0.69355   0.07956
   0.67594   0.08284
   0.65746   0.08615
   0.63807   0.08947
   0.61773   0.09278
   0.59639   0.09606
   0.57400   0.09929
   0.55050   0.10242
   0.52586   0.10543
   0.50000   0.10827
   0.47412   0.11076
   0.44941   0.11280
   0.42582   0.11442
   0.40330   0.11564
   0.38181   0.11651
   0.36131   0.11705
   0.34174   0.11727
   0.32308   0.11722
   0.30528   0.11690
   0.28830   0.11635
   0.27210   0.11557
   0.25666   0.11460
   0.24194   0.11344
   0.22791   0.11211
   0.21453   0.11063
   0.20177   0.10901
   0.18962   0.10727
   0.17804   0.10541
   0.16700   0.10345
   0.15648   0.10139
   0.14646   0.09925
   0.13691   0.09704
   0.12782   0.09475
   0.11915   0.09241
   0.11090   0.09001
   0.10305   0.08756
   0.09556   0.08506
   0.08844   0.08251
   0.08166   0.07993
   0.07520   0.07731
   0.06906   0.07464
   0.06321   0.07195
   0.05765   0.06921
   0.05235   0.06644
   0.04732   0.06362
   0.04253   0.06076
   0.03798   0.05785
   0.03366   0.05488
   0.02956   0.05184
   0.02566   0.04873
   0.02197   0.04551
   0.01846   0.04217
   0.01515   0.03868
   0.01202   0.03498
   0.00908   0.03100
   0.00632   0.02660
   0.00376   0.02153
   0.00146   0.01510
   0.00000   0.00000
   0.00000   0.00000
   0.00389  -0.01466
   0.00719  -0.02063
   0.01050  -0.02523
   0.01390  -0.02913
   0.01741  -0.03260
   0.02104  -0.03576
   0.02481  -0.03870
   0.02874  -0.04145
   0.03283  -0.04407
   0.03709  -0.04656
   0.04154  -0.04894
   0.04618  -0.05123
   0.05103  -0.05344
   0.05609  -0.05557
   0.06138  -0.05763
   0.06690  -0.05963
   0.07268  -0.06155
   0.07871  -0.06341
   0.08503  -0.06521
   0.09162  -0.06694
   0.09853  -0.06860
   0.10574  -0.07020
   0.11329  -0.07172
   0.12119  -0.07317
   0.12945  -0.07454
   0.13810  -0.07583
   0.14714  -0.07704
   0.15661  -0.07815
   0.16651  -0.07916
   0.17688  -0.08007
   0.18773  -0.08088
   0.19910  -0.08156
   0.21099  -0.08212
   0.22344  -0.08255
   0.23648  -0.08284
   0.25013  -0.08298
   0.26443  -0.08297
   0.27941  -0.08278
   0.29510  -0.08243
   0.31153  -0.08188
   0.32875  -0.08115
   0.34680  -0.08021
   0.36571  -0.07906
   0.38553  -0.07768
   0.40630  -0.07608
   0.42809  -0.07424
   0.45093  -0.07215
   0.47488  -0.06981
   0.50000  -0.06721
   0.52515  -0.06448
   0.54917  -0.06177
   0.57210  -0.05910
   0.59401  -0.05649
   0.61493  -0.05394
   0.63492  -0.05146
   0.65400  -0.04907
   0.67223  -0.04675
   0.68964  -0.04452
   0.70627  -0.04237
   0.72216  -0.04030
   0.73732  -0.03832
   0.75181  -0.03641
   0.76564  -0.03458
   0.77885  -0.03282
   0.79147  -0.03114
   0.80351  -0.02952
   0.81502  -0.02797
   0.82600  -0.02649
   0.83649  -0.02506
   0.84651  -0.02370
   0.85607  -0.02239
   0.86520  -0.02114
   0.87391  -0.01994
   0.88224  -0.01879
   0.89018  -0.01769
   0.89777  -0.01664
   0.90501  -0.01563
   0.91192  -0.01467
   0.91852  -0.01374
   0.92482  -0.01286
   0.93083  -0.01201
   0.93657  -0.01120
   0.94205  -0.01042
   0.94729  -0.00968
   0.95228  -0.00896
   0.95704  -0.00828
   0.96159  -0.00763
   0.96593  -0.00701
   0.97008  -0.00641
   0.97403  -0.00584
   0.97781  -0.00529
   0.98141  -0.00477
   0.98485  -0.00427
   0.98813  -0.00379
   0.99126  -0.00334
   0.99425  -0.00290
   0.99711  -0.00248
   0.99983  -0.00208
